68 9
0.801287 0.229849 0.0792354 0.709667 0.374159 0.485884 0.256267 0.0832744 0.593661 0.658679 0.416089 0.213989 0.50708 0.492952 0.0397031 0.29062 0.452003 0.817325 0.788086 0.355177 0.454358 0.399407 0.834678 0.429127 0.338765 0.620102 0.0503893 0.892881 0.652538 0.21292 0.543011 0.387844 0.49793 0.717913 0.960023 0.104008 0.0573285 0.520066 0.752335 0.493339 0.545161 0.525494 0.974734 0.355933 0.169469 0.266914 0.0213819 0.365957 0.631026 0.66217 0.0861222 0.455141 0.558281 0.0263101 0.193205 0.196724 0.347492 0.297281 0.405398 0.52311 0.90417 0.378294 0.989334 0.734523 0.133564 0.81263 0.877551 0.00709277 
0.208134 0.105419 0.781151 0.808055 0.986134 0.961434 0.823377 0.500316 0.814437 0.248505 0.626997 0.932207 0.59681 0.593282 0.293806 0.994504 0.62966 0.700792 0.209454 0.29183 0.786038 0.932363 0.222315 0.443533 0.455637 0.89561 0.522028 0.72007 0.219811 0.359533 0.672007 0.423471 0.280748 0.534454 0.569332 0.766957 0.243274 0.714228 0.0325378 0.862363 0.73695 0.922049 0.883114 0.489497 0.974735 0.367407 0.0038665 0.984316 0.402475 0.402727 0.625194 0.629577 0.301797 0.303672 0.818066 0.240356 0.657606 0.391922 0.030206 0.672038 0.945881 0.428107 0.189711 0.465638 0.980054 0.768962 0.94236 0.252389 
0.897453 0.487754 0.685722 0.925949 0.42635 0.663112 0.931546 0.491772 0.205703 0.256405 0.397414 0.344548 0.818372 0.380347 0.494583 0.454089 0.880297 0.15351 0.0483799 0.120939 0.629108 0.418061 0.343542 0.90886 0.202965 0.236344 0.234758 0.576955 0.876795 0.29739 0.233239 0.0419927 0.771563 0.657955 0.244864 0.433531 0.356636 0.98839 0.873838 0.598247 0.73483 0.279699 0.90677 0.0898969 0.897537 0.911887 0.090879 0.404008 0.156256 0.186235 0.0588453 0.0124057 0.502773 0.106189 0.724917 0.683581 0.937932 0.820518 0.443247 0.653972 0.305678 0.522333 0.856532 0.733245 0.6437 0.670889 0.626919 0.632654 
0.0101649 0.840742 0.3567 0.0602662 0.894689 0.0363587 0.0809474 0.482234 0.900052 0.1794 0.172566 0.309742 0.825828 0.698034 0.864325 0.707143 0.951387 0.957557 0.652152 0.712384 0.0454061 0.140861 0.450256 0.447122 0.773614 0.128048 0.096686 0.00115673 0.441124 0.968788 0.42302 0.694805 0.587163 0.442635 0.367086 0.615396 0.954104 0.626933 0.869597 0.316701 0.791872 0.989444 0.588379 0.884055 0.312115 0.710251 0.18092 0.727477 0.704796 0.50323 0.785595 0.496475 0.249035 0.537678 0.754746 0.0139743 0.866383 0.300893 0.100261 0.0892728 0.408723 0.415134 0.149732 0.542355 0.365115 0.49327 0.381685 0.986371 
0.931931 0.968671 0.459188 0.575315 0.321691 0.658282 0.748038 0.281566 0.28378 0.497853 0.418962 0.501787 0.533078 0.436283 0.608906 0.877221 0.451341 0.689238 0.0217207 0.0601019 0.13263 0.114781 0.117454 0.0536256 0.284927 0.760238 0.327745 0.410459 0.57617 0.685278 0.461643 0.839362 0.154333 0.872025 0.132297 0.509253 0.0182257 0.320078 0.549038 0.685183 0.875966 0.36272 0.226819 0.144747 0.760626 0.845389 0.449668 0.576387 0.342141 0.361615 0.670552 0.969824 0.830939 0.593149 0.0591348 0.878318 0.886409 0.869974 0.647388 0.656399 0.0897252 0.0108907 0.0402598 0.646262 0.72395 0.419477 0.155787 0.310779 
0.265695 0.53363 0.717222 0.352664 0.226572 0.00353314 0.381559 0.867624 0.153463 0.251452 0.154124 0.36157 0.909727 0.786825 0.170753 0.837875 0.157684 0.198937 0.538133 0.394253 0.205888 0.355905 0.702266 0.987113 0.406068 0.787681 0.558022 0.674583 0.710713 0.947003 0.280038 0.599194 0.653187 0.116977 0.0401904 0.480571 0.959632 0.540368 0.970538 0.82737 0.608646 0.520312 0.890833 0.228793 0.327879 0.670103 0.429438 0.565112 0.845033 0.461682 0.488528 0.687708 0.31108 0.326139 0.420528 0.806895 0.482814 0.661844 0.604862 0.912913 0.326039 0.737216 0.396346 0.378906 0.274169 0.961905 0.733199 0.875894 
0.156183 0.966785 0.761461 0.880339 0.849768 0.0446265 0.0372179 0.520794 0.989802 0.609635 0.139052 0.044772 0.482497 0.31886 0.0722744 0.715504 0.467476 0.871908 0.149431 0.489863 0.12061 0.0986042 0.240069 0.842613 0.793136 0.234648 0.727325 0.15671 0.82478 0.0716108 0.562473 0.49018 0.462671 0.109733 0.27605 0.58046 0.791911 0.644378 0.0651041 0.204232 0.531104 0.270979 0.34251 0.562096 0.140898 0.0643596 0.691206 0.100825 0.569299 0.210737 0.852671 0.84398 0.767662 0.0948002 0.307578 0.461175 0.967686 0.893934 0.35062 0.874759 0.0823036 0.277168 0.36258 0.884324 0.832453 0.0428507 0.191703 0.953373 
0.340246 0.512151 0.720939 0.821914 0.908526 0.59113 0.117658 0.483321 0.16906 0.391347 0.364507 0.267539 0.52768 0.718129 0.594464 0.148217 0.0792707 0.302929 0.333113 0.636123 0.312217 0.438172 0.356862 0.781722 0.398222 0.91944 0.032671 0.100932 0.358955 0.956751 0.121697 0.369647 0.651841 0.491938 0.999968 0.455981 0.676808 0.118449 0.77068 0.81656 0.927999 0.881682 0.434666 0.427534 0.56211 0.387092 0.848561 0.767826 0.858025 0.828286 0.00986108 0.735163 0.891378 0.3947 0.729228 0.132429 0.741991 0.644578 0.428815 0.0932739 0.653741 0.428479 0.439012 0.468706 0.54059 0.688752 0.852063 0.629957 
0.694188 0.212121 0.110707 0.660508 0.150711 0.000294143 0.943659 0.080023 0.947055 0.152882 0.482554 0.29235 0.53159 0.43911 0.122786 0.6575 0.606782 0.181495 0.387283 0.0613405 0.950624 0.132023 0.917992 0.690189 0.0138654 0.0356466 0.113028 0.658899 0.109063 0.0293152 0.701227 0.520152 0.18665 0.0291584 0.065744 0.959221 0.628033 0.349134 0.895149 0.76698 0.63579 0.728917 0.906262 0.542429 0.612208 0.382121 0.311751 0.591642 0.727377 0.0202168 0.783559 0.273625 0.807479 0.297786 0.886576 0.683373 0.456857 0.390805 0.263199 0.579094 0.831683 0.103765 0.975775 0.853558 0.753941 0.487089 0.504877 0.463354 
0.595798 0.580845 0.262972 0.770673 0.702444 0.97551 0.400479 0.857092 0.148445 0.918214 0.429543 0.322125 0.946933 0.100909 0.984495 0.39974 0.429452 0.795435 0.8706 0.170709 0.10326 0.494738 0.0609747 0.80215 0.73028 0.820822 0.560049 0.744482 0.509275 0.392084 0.74868 0.0596741 0.943335 0.63413 0.824091 0.501091 0.833407 0.0706367 0.190335 0.960408 0.577065 0.725759 0.836763 0.479397 0.218359 0.965867 0.327806 0.441356 0.865162 0.773923 0.31567 0.472641 0.677315 0.635918 0.871667 0.111126 0.701172 0.597227 0.592983 0.271539 0.748937 0.382749 0.865985 0.612767 0.773412 0.738322 0.976037 0.246429 
