9 10
0.645978 0.947477 0.249685 0.449625 0.842016 0.756866 0.647418 0.152723 0.821636 
0.233608 0.255676 0.146157 0.458669 0.847904 0.719537 0.250948 0.685077 0.084878 
0.54529 0.682019 0.686106 0.380043 0.37872 0.148114 0.349338 0.321776 0.0883007 
0.0696124 0.974827 0.918585 0.661939 0.20357 0.399972 0.336414 0.116965 0.825466 
0.609816 0.172013 0.0153489 0.968612 0.463134 0.892556 0.18794 0.714642 0.9945 
0.564881 0.962519 0.0642021 0.044688 0.0716134 0.607178 0.834026 0.480271 0.919286 
0.442511 0.275332 0.510759 0.319641 0.206174 0.170054 0.094971 0.177296 0.816567 
0.0379909 0.513757 0.711864 0.296488 0.0728648 0.639496 0.0135975 0.532557 0.689713 
0.00224597 0.748058 0.612856 0.278353 0.271142 0.0790468 0.538947 0.0754349 0.834887 
0.952371 0.49408 0.00162624 0.332178 0.91675 0.823203 0.570069 0.145792 0.326638 
0.807054 0.149149 0.744735 0.759659 0.591757 0.665084 0.0665698 0.838465 0.0838371 
