56 8
0.896275 0.697465 0.290053 0.927085 0.514559 0.19842 0.843772 0.276178 0.719829 0.172451 0.381622 0.913266 0.259648 0.900524 0.105 0.728325 0.951817 0.182775 0.89125 0.234176 0.802046 0.994 0.162523 0.51932 0.212715 0.0976555 0.296597 0.900573 0.922237 0.0357003 0.0151656 0.8882 0.978948 0.171372 0.247916 0.7266 0.972517 0.0862071 0.883148 0.0746432 0.529003 0.954926 0.43963 0.859589 0.105 0.740502 0.624615 0.904656 0.550855 0.219998 0.50254 0.195423 0.476022 0.504528 0.594861 0.826888 
0.508472 0.882651 0.716441 0.222004 0.228666 0.196642 0.957325 0.766124 0.254438 0.334777 0.590857 0.533863 0.642334 0.710325 0.430181 0.0522959 0.937535 0.154588 0.157565 0.199715 0.604765 0.281514 0.405638 0.56341 0.234996 0.581035 0.450738 0.558699 0.0618325 0.219394 0.356717 0.342235 0.93812 0.984907 0.3279 0.0202631 0.561617 0.102833 0.310585 0.000651008 0.941483 0.510882 0.397378 0.726633 0.515385 0.0733439 0.690717 0.882394 0.395659 0.839926 0.642389 0.631809 0.820895 0.778536 0.862718 0.701888 
0.631123 0.279872 0.815394 0.319634 0.0818993 0.481516 0.83806 0.271851 0.00560392 0.185071 0.492296 0.0190247 0.74886 0.0843702 0.0100078 0.201025 0.633826 0.71917 0.0849431 0.638688 0.431787 0.0388537 0.0140234 0.691157 0.279158 0.811535 0.474775 0.551271 0.210026 0.899567 0.0216777 0.337548 0.169415 0.36462 0.161325 0.383966 0.315967 0.460136 0.50049 0.728382 0.923938 0.622978 0.383925 0.625713 0.353373 0.133493 0.621347 0.984667 0.29858 0.236953 0.473144 0.127563 0.958843 0.272121 0.538316 0.478914 
0.115093 0.370779 0.689312 0.267765 0.32289 0.811582 0.260934 0.52209 0.76464 0.305319 0.490676 0.787815 0.801114 0.325429 0.485291 0.285363 0.099651 0.83471 0.969507 0.496885 0.145178 0.00739808 0.339555 0.908518 0.455491 0.436252 0.0874816 0.303624 0.00235514 0.582849 0.937295 0.123272 0.832119 0.431884 0.673712 0.0741264 0.842516 0.163866 0.0925256 0.0781667 0.748197 0.939597 0.805079 0.955404 0.470017 0.574793 0.546734 0.964065 0.0383721 0.919053 0.526125 0.582305 0.807084 0.665775 0.685668 0.0225826 
0.545616 0.163193 0.781418 0.300626 0.622662 0.0845337 0.758605 0.877608 0.956165 0.269551 0.340421 0.448049 0.359867 0.290824 0.873864 0.0321329 0.0582664 0.283157 0.0114341 0.172772 0.775868 0.0183657 0.671918 0.917451 0.595714 0.157909 0.983096 0.900229 0.146009 0.965775 0.773936 0.534284 0.717677 0.000780035 0.110053 0.65891 0.298078 0.798437 0.325363 0.379488 0.0482009 0.112467 0.24027 0.220998 0.31553 0.117264 0.853822 0.191782 0.279864 0.679958 0.0582098 0.331799 0.540983 0.301016 0.183132 0.89852 
0.431146 0.267993 0.15846 0.245409 0.584052 0.154693 0.930653 0.480232 0.257324 0.844852 0.421576 0.42395 0.333933 0.419235 0.0893698 0.0383535 0.607994 0.556735 0.0487748 0.757591 0.831924 0.152807 0.234311 0.0674438 0.527543 0.412269 0.0105563 0.418954 0.366853 0.690072 0.0449231 0.0219812 0.437281 0.37601 0.59301 0.715137 0.310769 0.0924112 0.155463 0.859783 0.380093 0.227169 0.0281887 0.766712 0.123928 0.851741 0.216043 0.0346263 0.963676 0.505999 0.325726 0.476691 0.745894 0.239171 0.753396 0.332209 
0.440272 0.648927 0.521281 0.170417 0.192683 0.424945 0.0576167 0.363376 0.254838 0.0689526 0.886051 0.86653 0.772397 0.681454 0.205179 0.451184 0.0465704 0.709101 0.855799 0.411785 0.863862 0.92068 0.874425 0.466899 0.177251 0.0551158 0.331969 0.405145 0.264579 0.773658 0.876749 0.527651 0.228699 0.747344 0.613788 0.934621 0.170971 0.501437 0.654003 0.828283 0.958137 0.401922 0.0958039 0.175978 0.670556 0.031167 0.824123 0.0276646 0.958869 0.707925 0.0885111 0.605676 0.589039 0.981627 0.212644 0.900174 
0.225784 0.752645 0.700152 0.451773 0.945902 0.779652 0.604078 0.7455 0.62668 0.607732 0.151092 0.40246 0.142805 0.123712 0.221222 0.0722658 0.57095 0.964529 0.841607 0.881495 0.278988 0.944439 0.184543 0.608749 0.237997 0.0153478 0.951277 0.106933 0.226767 0.277898 0.635212 0.999902 0.361057 0.277172 0.422663 0.699924 0.614512 0.0999135 0.245785 0.903046 0.501765 0.156582 0.679447 0.459276 0.0539746 0.150618 0.43862 0.893413 0.594032 0.899731 0.778328 0.366515 0.00963087 0.865986 0.634289 0.50233 
0.652958 0.263899 0.356332 0.868348 0.326684 0.574046 0.983925 0.821915 0.931238 0.313791 0.884303 0.486003 0.259583 0.810905 0.887983 0.332947 0.84585 0.196913 0.517492 0.494529 0.540705 0.631194 0.478778 0.826084 0.98773 0.778308 0.0290806 0.757895 0.94252 0.933852 0.242889 0.227639 0.935271 0.104064 0.00381046 0.0424753 0.881975 0.347043 0.751018 0.354692 0.315396 0.860468 0.880309 0.352284 0.845123 0.984913 0.425159 0.640356 0.468956 0.748022 0.00904424 0.00645951 0.564929 0.762719 0.013813 0.155251 
