30 10
0.702236 0.486397 0.881458 0.670378 0.0398817 0.292268 0.13989 0.126547 0.873182 0.573741 0.871091 0.421064 0.819538 0.979658 0.105145 0.171881 0.811569 0.0320756 0.094089 0.353808 0.458161 0.311119 0.983288 0.122447 0.963378 0.499791 0.9957 0.731901 0.0611579 0.880856 
0.539229 0.820046 0.514345 0.589266 0.798156 0.615032 0.835542 0.962617 0.695969 0.147365 0.75887 0.325083 0.671958 0.594784 0.533588 0.0205188 0.858764 0.240791 0.968789 0.442085 0.120857 0.241728 0.714356 0.188076 0.999974 0.554789 0.341384 0.635642 0.228595 0.00293257 
0.287727 0.819962 0.101716 0.544658 0.0599215 0.10082 0.480259 0.705321 0.330921 0.781429 0.474802 0.996137 0.0809792 0.0172912 0.612477 0.892857 0.247485 0.474694 0.189561 0.950267 0.129558 0.485224 0.165911 0.460586 0.0718444 0.489237 0.602314 0.0990024 0.933673 0.245913 
0.0678124 0.722427 0.833096 0.847287 0.344377 0.945954 0.644418 0.740441 0.599971 0.714357 0.190863 0.827426 0.550284 0.620831 0.300778 0.178066 0.750816 0.963566 0.649483 0.852387 0.0713972 0.97215 0.924483 0.78793 0.737663 0.904189 0.71061 0.215356 0.492109 0.876816 
0.642298 0.103562 0.568542 0.482877 0.710107 0.776206 0.689768 0.924709 0.580995 0.789762 0.534802 0.414347 0.922503 0.499681 0.144153 0.785058 0.465244 0.349945 0.531736 0.893663 0.79313 0.132279 0.213056 0.839096 0.681054 0.476145 0.576316 0.1466 0.912174 0.912744 
0.492972 0.373286 0.825764 0.617651 0.861898 0.926046 0.0525755 0.637035 0.650234 0.485384 0.844431 0.347814 0.704128 0.286337 0.459948 0.347809 0.62426 0.943209 0.507635 0.823213 0.734603 0.464712 0.417327 0.00877698 0.514781 0.923709 0.778626 0.3647 0.513424 0.115321 
0.20264 0.774227 0.433959 0.555331 0.445924 0.649193 0.98959 0.0398012 0.939284 0.544764 0.856472 0.731626 0.437574 0.301754 0.583036 0.0816097 0.613499 0.0707592 0.250235 0.706247 0.897866 0.440482 0.17365 0.537238 0.361347 0.159347 0.141823 0.611567 0.611957 0.163051 
0.394767 0.852132 0.779659 0.726804 0.389556 0.273737 0.700451 0.474142 0.901461 0.849432 0.401337 0.268162 0.991567 0.267028 0.93266 0.209199 0.00675974 0.610887 0.173171 0.478034 0.324007 0.578816 0.168474 0.548842 0.389836 0.969504 0.452572 0.378222 0.770064 0.462509 
0.380419 0.708578 0.069635 0.355455 0.127374 0.771178 0.194086 0.00179672 0.197482 0.0848297 0.732106 0.511217 0.0263138 0.255386 0.264451 0.631777 0.272579 0.241099 0.153845 0.673645 0.95847 0.999278 0.869582 0.0575698 0.575706 0.897226 0.682511 0.960824 0.573455 0.0630077 
0.970145 0.22348 0.0230112 0.749444 0.909516 0.233865 0.566456 0.422942 0.381345 0.257868 0.979438 0.408696 0.953777 0.128659 0.364217 0.398489 0.397391 0.956611 0.753289 0.535737 0.124844 0.247665 0.511349 0.245974 0.0820942 0.756695 0.771642 0.987084 0.912811 0.618583 
0.532591 0.250018 0.0555747 0.0442847 0.293101 0.150413 0.997209 0.0972108 0.821757 0.263722 0.368694 0.633102 0.550989 0.472685 0.418715 0.342126 0.119444 0.496774 0.274339 0.819907 0.176522 0.805032 0.176758 0.775475 0.401288 0.445109 0.951615 0.788924 0.450186 0.275444 
