49 10
0.280255 0.244537 0.929535 0.697133 0.722687 0.206111 0.112563 0.840575 0.541766 0.469391 0.061639 0.967459 0.0903656 0.774809 0.221805 0.87009 0.596389 0.51178 0.483111 0.653244 0.0653925 0.0524332 0.244725 0.0999191 0.339732 0.882655 0.788052 0.792766 0.0173645 0.845349 0.777548 0.242679 0.712676 0.946936 0.15297 0.973861 0.686343 0.370129 0.763098 0.387107 0.111496 0.911357 0.17443 0.638119 0.857969 0.887987 0.402305 0.533728 0.371278 
0.0749615 0.877786 0.957014 0.540583 0.577899 0.750832 0.236174 0.373719 0.0969699 0.772792 0.320564 0.710861 0.446002 0.953481 0.156597 0.933561 0.359719 0.803181 0.0617515 0.858052 0.279234 0.0856761 0.958223 0.85333 0.910153 0.938585 0.796171 0.248112 0.0241863 0.498786 0.0994767 0.905683 0.820756 0.449448 0.874656 0.336029 0.645113 0.413855 0.656338 0.0770712 0.336483 0.267621 0.905692 0.971101 0.290358 0.0528949 0.00506359 0.103744 0.619824 
0.383416 0.0682823 0.620439 0.718152 0.980601 0.959608 0.134657 0.183138 0.00307279 0.644458 0.399492 0.265573 0.482933 0.659822 0.623721 0.884405 0.200917 0.819721 0.0491048 0.30489 0.290009 0.182758 0.613218 0.354253 0.922975 0.448064 0.606414 0.994226 0.952724 0.428589 0.291779 0.935444 0.0109341 0.769083 0.971245 0.713974 0.754363 0.572004 0.666047 0.248535 0.131524 0.515719 0.693906 0.474037 0.133766 0.198451 0.360845 0.714765 0.0522562 
0.269367 0.247463 0.108788 0.403352 0.134638 0.85994 0.0185736 0.167072 0.983644 0.109737 0.344375 0.905351 0.226374 0.66003 0.123087 0.717929 0.230604 0.759957 0.600133 0.431077 0.114034 0.569288 0.0186777 0.91535 0.289373 0.493425 0.986794 0.0491454 0.986293 0.627534 0.960135 0.986954 0.733778 0.604533 0.387574 0.962988 0.9358 0.989709 0.0369654 0.278213 0.933303 0.0317372 0.406338 0.318578 0.335098 0.996945 0.655637 0.285456 0.664901 
0.997725 0.76713 0.147319 0.994359 0.187786 0.121665 0.815297 0.698769 0.211361 0.352473 0.0197881 0.578682 0.901238 0.103919 0.572838 0.695487 0.0460316 0.653616 0.321103 0.784949 0.64602 0.654167 0.585803 0.587798 0.114328 0.507335 0.786107 0.0933891 0.59011 0.98187 0.285408 0.849746 0.679401 0.694796 0.442829 0.622746 0.493734 0.189663 0.660712 0.581619 0.272785 0.693592 0.207555 0.383057 0.0430658 0.807321 0.649202 0.131388 0.241447 
0.996511 0.367855 0.53328 0.834164 0.79193 0.972694 0.0753167 0.847498 0.904139 0.856588 0.680376 0.0837458 0.51577 0.548584 0.0581908 0.0129759 0.0861074 0.207006 0.152708 0.55957 0.690772 0.811462 0.246489 0.747724 0.99955 0.430563 0.465904 0.444927 0.893257 0.978225 0.0247999 0.811491 0.732922 0.215871 0.13714 0.912212 0.548011 0.415235 0.857289 0.456972 0.334312 0.779053 0.537544 0.501644 0.126297 0.672598 0.349014 0.871352 0.804958 
0.92234 0.767253 0.224641 0.543314 0.486035 0.79158 0.0920545 0.159759 0.0756648 0.698813 0.947604 0.37528 0.323658 0.713892 0.380796 0.0324956 0.153975 0.857132 0.817521 0.0837228 0.128537 0.321903 0.218059 0.921749 0.828735 0.544385 0.479187 0.691109 0.463204 0.0763569 0.330699 0.064467 0.496155 0.871678 0.291125 0.938761 0.764032 0.0873675 0.385232 0.591263 0.361878 0.0756084 0.750805 0.775326 0.902602 0.0331777 0.618424 0.854556 0.518134 
0.270821 0.683493 0.467036 0.477076 0.223388 0.489528 0.498311 0.113896 0.244316 0.219492 0.997891 0.553333 0.862974 0.000270843 0.552051 0.323718 0.723548 0.676231 0.408296 0.231544 0.560129 0.0852721 0.168527 0.429066 0.31333 0.144486 0.374259 0.176646 0.890791 0.52345 0.616261 0.496046 0.0449486 0.450608 0.367324 0.61269 0.484785 0.778429 0.0485265 0.584907 0.539411 0.886042 0.705925 0.485447 0.904638 0.245822 0.534705 0.785108 0.306531 
0.872944 0.57024 0.0309439 0.0745482 0.931054 0.227032 0.722971 0.968903 0.354302 0.748634 0.290099 0.701089 0.207193 0.297969 0.965869 0.357656 0.12648 0.743861 0.0655257 0.289914 0.582978 0.105481 0.825948 0.708159 0.0298315 0.378096 0.65127 0.894813 0.129568 0.651613 0.659287 0.629736 0.973649 0.120704 0.674616 0.267543 0.597554 0.0875016 0.63878 0.976595 0.625166 0.170545 0.347447 0.540315 0.0705287 0.376347 0.26341 0.131092 0.256832 
0.579243 0.338149 0.264258 0.380656 0.686158 0.256627 0.137143 0.966621 0.998714 0.383435 0.393006 0.254807 0.538575 0.833225 0.00505565 0.970257 0.11131 0.77904 0.331632 0.742438 0.15027 0.587627 0.242997 0.0551592 0.061105 0.991639 0.478816 0.454549 0.603656 0.641286 0.0933242 0.499827 0.584141 0.663578 0.758518 0.408324 0.709508 0.704389 0.657904 0.390733 0.0570221 0.369799 0.206243 0.321383 0.487447 0.520639 0.378824 0.893519 0.380698 
0.398311 0.406122 0.687831 0.376725 0.620715 0.355636 0.170814 0.870854 0.435728 0.278598 0.393095 0.743617 0.972014 0.633666 0.0196514 0.28183 0.717325 0.0763829 0.766722 0.29772 0.779865 0.187828 0.819456 0.59295 0.713691 0.998474 0.346594 0.201882 0.0296186 0.800529 0.492167 0.856748 0.357214 0.690349 0.69291 0.735906 0.370868 0.185557 0.662102 0.948387 0.543803 0.701383 0.139332 0.754368 0.66189 0.377544 0.375661 0.728289 0.347441 
