33 10
0.174407 0.255832 0.76317 0.590419 0.177961 0.98525 0.090863 0.133638 0.0518263 0.0447749 0.531388 0.0354221 0.338722 0.902878 0.664408 0.709944 0.0371487 0.357749 0.685258 0.125125 0.977547 0.636689 0.833653 0.206622 0.702159 0.193818 0.494982 0.16218 0.760044 0.0536382 0.497553 0.378867 0.613138 
0.0172426 0.796476 0.368452 0.569777 0.23599 0.279087 0.608622 0.116738 0.0132495 0.684749 0.575177 0.994739 0.580036 0.662433 0.507042 0.863219 0.114656 0.0195803 0.0864382 0.767102 0.675076 0.00422221 0.962645 0.172704 0.640192 0.701466 0.539219 0.655458 0.27466 0.209341 0.385882 0.520029 0.123854 
0.614338 0.170973 0.54395 0.167268 0.276394 0.345653 0.393555 0.482104 0.722334 0.263698 0.969244 0.0759333 0.21095 0.428602 0.511685 0.884215 0.00927712 0.920489 0.665082 0.0291911 0.613989 0.312818 0.536458 0.249525 0.772897 0.0769416 0.158201 0.881198 0.298787 0.714483 0.316238 0.018401 0.265211 
0.402557 0.768373 0.0484601 0.469063 0.539267 0.45723 0.663366 0.196573 0.798647 0.859665 0.397697 0.100046 0.466893 0.0642459 0.780993 0.146722 0.95589 0.638438 0.221967 0.599536 0.400004 0.867895 0.71662 0.227291 0.0816245 0.862338 0.314733 0.721455 0.487192 0.23218 0.247811 0.957223 0.040911 
0.590571 0.719973 0.590376 0.455117 0.155137 0.383305 0.207453 0.669779 0.974326 0.490634 0.0901721 0.522679 0.667009 0.412531 0.41382 0.0777817 0.277621 0.968645 0.0152687 0.620434 0.632211 0.564149 0.657565 0.697559 0.866104 0.612248 0.047527 0.786036 0.91174 0.620243 0.423509 0.91254 0.0539397 
0.564572 0.757506 0.411282 0.413504 0.756226 0.895497 0.618608 0.940767 0.471821 0.895548 0.483265 0.235601 0.747817 0.562123 0.607654 0.846507 0.237016 0.536043 0.274571 0.71765 0.546538 0.656829 0.32601 0.244421 0.987977 0.934189 0.909963 0.740034 0.749073 0.66459 0.760421 0.389295 0.888576 
0.288527 0.278484 0.480643 0.169706 0.255482 0.887429 0.0175174 0.415059 0.894907 0.694169 0.896992 0.741668 0.212209 0.603149 0.12748 0.552022 0.828551 0.45923 0.283101 0.0730994 0.5812 0.231369 0.619449 0.0767552 0.0247652 0.228497 0.351545 0.419815 0.830163 0.54793 0.0592619 0.0147287 0.545665 
0.988405 0.1258 0.325798 0.692572 0.0620465 0.815212 0.261942 0.451912 0.282582 0.359369 0.9071 0.622138 0.276918 0.157198 0.026932 0.646652 0.274214 0.708188 0.518987 0.621392 0.739513 0.986709 0.614674 0.819718 0.994845 0.353405 0.67831 0.361393 0.937961 0.310214 0.762651 0.878982 0.044432 
0.768378 0.132821 0.314881 0.209035 0.247002 0.361418 0.357642 0.892565 0.342449 0.533656 0.154771 0.235786 0.85332 0.756459 0.799501 0.218854 0.276822 0.541178 0.578285 0.237304 0.360374 0.797938 0.950358 0.660858 0.0373147 0.147646 0.486748 0.776749 0.824675 0.304878 0.0906402 0.389143 0.32324 
0.700792 0.21037 0.681751 0.19186 0.594428 0.556081 0.0617576 0.959857 0.322782 0.999707 0.079139 0.0895538 0.131249 0.894953 0.468408 0.535759 0.509377 0.0938102 0.667645 0.102906 0.53477 0.878397 0.21477 0.647217 0.783119 0.88464 0.140164 0.734627 0.875925 0.675791 0.0236158 0.910012 0.579897 
0.332194 0.182925 0.423378 0.707077 0.836779 0.740383 0.608981 0.136546 0.933756 0.630422 0.497148 0.570739 0.417384 0.969886 0.881316 0.279696 0.849427 0.312523 0.577342 0.382371 0.505331 0.0900494 0.460352 0.144455 0.85408 0.517557 0.583051 0.342431 0.241826 0.373727 0.224532 0.707201 0.93171 
