50 10
0.634288 0.472981 0.386252 0.743941 0.418337 0.991208 0.229735 0.156735 0.241236 0.460393 0.832878 0.181 0.0729081 0.365956 0.614168 0.329774 0.512258 0.522757 0.977651 0.388223 0.859102 0.922124 0.143034 0.968783 0.341923 0.700244 0.00481406 0.909968 0.832972 0.760307 0.477791 0.230737 0.000239716 0.0289132 0.943345 0.796997 0.125462 0.647846 0.342652 0.956847 0.731002 0.958871 0.751823 0.883965 0.795928 0.157629 0.273062 0.35472 0.773426 0.977981 
0.926185 0.392605 0.514925 0.352333 0.664278 0.519046 0.611811 0.715064 0.0846273 0.330218 0.980845 0.0609152 0.802542 0.329365 0.642256 0.389249 0.114618 0.38512 0.712567 0.110447 0.284831 0.162587 0.598287 0.406802 0.114189 0.179734 0.790224 0.292542 0.747625 0.341627 0.728598 0.545661 0.918281 0.547219 0.102111 0.18739 0.467599 0.940902 0.74218 0.824049 0.786786 0.511021 0.728485 0.651444 0.827417 0.391088 0.010682 0.532919 0.775732 0.73244 
0.114757 0.714944 0.0651814 0.503206 0.383954 0.108725 0.339506 0.0715579 0.672889 0.247491 0.583724 0.642488 0.28801 0.584546 0.465609 0.486335 0.839135 0.336215 0.767466 0.809048 0.666444 0.923153 0.42415 0.691884 0.496465 0.0864895 0.629356 0.587809 0.309384 0.823629 0.737552 0.030627 0.747968 0.101671 0.778378 0.195084 0.783724 0.0458419 0.465106 0.0369872 0.643055 0.830373 0.0850419 0.299538 0.328884 0.555487 0.0758191 0.292143 0.0460072 0.243631 
0.714072 0.400146 0.258859 0.642435 0.408827 0.155577 0.786135 0.565116 0.898753 0.33706 0.963459 0.862214 0.225398 0.261994 0.334773 0.534311 0.173344 0.393881 0.963122 0.186891 0.0721747 0.0401831 0.357008 0.241033 0.0435415 0.802255 0.498226 0.681013 0.779912 0.974683 0.497138 0.396438 0.939304 0.883756 0.284228 0.0205515 0.409388 0.581875 0.581232 0.772116 0.959845 0.115282 0.53833 0.715232 0.898606 0.873483 0.630045 0.174498 0.795521 0.323769 
0.58106 0.877064 0.816633 0.150548 0.26803 0.786441 0.705992 0.599499 0.782629 0.641015 0.546384 0.0702845 0.270868 0.485884 0.247228 0.157129 0.869514 0.917777 0.0699302 0.316128 0.170548 0.404204 0.452354 0.720325 0.507104 0.891416 0.0231109 0.424389 0.70617 0.595684 0.657139 0.537722 0.493688 0.417317 0.854089 0.670398 0.384516 0.558768 0.220253 0.785106 0.278482 0.441511 0.480766 0.228871 0.636769 0.18133 0.619127 0.671825 0.370585 0.414963 
0.277188 0.701822 0.521289 0.300749 0.691469 0.520376 0.958264 0.53618 0.582168 0.502946 0.0201814 0.189577 0.213193 0.141551 0.0460235 0.517093 0.775927 0.00570912 0.953118 0.0624776 0.0617565 0.941512 0.998207 0.860832 0.00322979 0.283149 0.890916 0.622372 0.209512 0.264984 0.589229 0.164941 0.155668 0.320134 0.497743 0.564324 0.597517 0.473061 0.738571 0.158354 0.461959 0.147503 0.0806875 0.11454 0.0804721 0.494821 0.458843 0.76649 0.396878 0.320885 
0.116323 0.0447521 0.148177 0.419163 0.879726 0.557818 0.249396 0.592345 0.54456 0.425752 0.616042 0.822168 0.181825 0.933447 0.446446 0.417803 0.00666113 0.953551 0.33654 0.22819 0.19612 0.19032 0.7143 0.239779 0.960798 0.124715 0.0808489 0.827786 0.600866 0.74792 0.286578 0.512356 0.167594 0.748434 0.936367 0.522728 0.481342 0.919388 0.147595 0.624008 0.708673 0.671982 0.00758578 0.494224 0.423238 0.359972 0.048728 0.971072 0.810367 0.840348 
0.730653 0.0911528 0.0051536 0.616518 0.82197 0.847353 0.469582 0.265293 0.777196 0.328558 0.0784611 0.695534 0.84238 0.886635 0.673847 0.353173 0.777961 0.189294 0.469592 0.430468 0.882214 0.378883 0.889495 0.74808 0.976008 0.76326 0.113697 0.903818 0.47153 0.000639741 0.752124 0.954098 0.526607 0.686691 0.212076 0.355831 0.446228 0.750569 0.81912 0.945309 0.809624 0.352687 0.614346 0.306322 0.358458 0.60571 0.171775 0.022257 0.0737235 0.0716968 
0.00874729 0.0157404 0.548186 0.360861 0.997688 0.143298 0.401764 0.449732 0.644421 0.777938 0.797514 0.819455 0.583645 0.315261 0.583746 0.0115869 0.741637 0.687146 0.86448 0.322019 0.173321 0.00736041 0.706379 0.106843 0.718109 0.264629 0.619673 0.848572 0.95177 0.39066 0.820174 0.663912 0.363544 0.0891345 0.0843153 0.0866684 0.635856 0.829124 0.0939056 0.271808 0.271804 0.202055 0.937287 0.982656 0.49268 0.47106 0.106792 0.845172 0.802815 0.913246 
0.930158 0.159643 0.120935 0.557771 0.451122 0.0010301 0.312907 0.0295962 0.423361 0.423081 0.72506 0.090056 0.571643 0.611802 0.561761 0.522433 0.533167 0.942061 0.216269 0.830001 0.819423 0.0401815 0.331252 0.350172 0.346426 0.384671 0.161247 0.0863305 0.95608 0.8309 0.932666 0.322118 0.833967 0.484475 0.577274 0.243736 0.467147 0.338539 0.828609 0.437386 0.138938 0.137478 0.591988 0.546235 0.576475 0.806979 0.894809 0.0518914 0.139066 0.276464 
0.527177 0.258818 0.95078 0.7568 0.535228 0.580726 0.260509 0.380661 0.769102 0.294106 0.0423479 0.740719 0.265896 0.912892 0.971849 0.863076 0.721884 0.708536 0.360073 0.744968 0.682048 0.174268 0.91804 0.505087 0.991442 0.173004 0.682064 0.449192 0.577462 0.408845 0.453277 0.22052 0.280361 0.0324708 0.737236 0.732989 0.345325 0.881498 0.338679 0.183149 0.186335 0.733305 0.653717 0.017062 0.760565 0.808129 0.220455 0.180616 0.605557 0.588572 
