56 9
0.225958 0.669744 0.385313 0.956699 0.233624 0.513751 0.604721 0.544168 0.836004 0.71919 0.430117 0.981296 0.648917 0.344272 0.180262 0.667111 0.134912 0.461008 0.163458 0.246753 0.185651 0.239241 0.917303 0.105911 0.0413674 0.261946 0.53376 0.904771 0.479828 0.470179 0.301907 0.152088 0.149794 0.594141 0.728464 0.292519 0.372915 0.575406 0.856982 0.294644 0.0884881 0.219296 0.699976 0.502476 0.114281 0.71443 0.429714 0.206987 0.827945 0.267513 0.0923226 0.665588 0.537206 0.817328 0.836155 0.260271 
0.382247 0.428517 0.0910499 0.27645 0.286798 0.207193 0.288914 0.776648 0.122298 0.468277 0.332167 0.729747 0.859293 0.1365 0.15954 0.386267 0.996255 0.065089 0.95119 0.651338 0.0397017 0.266444 0.131776 0.752485 0.0178281 0.63718 0.0894317 0.0785876 0.821567 0.0825294 0.0724092 0.982184 0.573216 0.040927 0.859289 0.0699291 0.299114 0.207397 0.718233 0.346968 0.484351 0.489833 0.61642 0.171216 0.634003 0.683814 0.862167 0.445946 0.0190596 0.33392 0.191723 0.285868 0.591637 0.648659 0.0131436 0.905228 
0.170598 0.234605 0.00628975 0.711826 0.662051 0.0936068 0.249658 0.999303 0.289224 0.982232 0.377477 0.25865 0.129014 0.333436 0.0587321 0.110261 0.164129 0.521867 0.0209041 0.335898 0.440409 0.955859 0.125865 0.417608 0.740169 0.026914 0.343215 0.42263 0.134241 0.194723 0.702831 0.472899 0.0198935 0.350736 0.818767 0.0165761 0.594359 0.386149 0.00395922 0.542664 0.549161 0.756455 0.746212 0.578054 0.360183 0.59243 0.966166 0.344204 0.0335817 0.408081 0.62113 0.336929 0.771669 0.441569 0.443707 0.375249 
0.804402 0.576262 0.234484 0.972193 0.646074 0.571997 0.54837 0.446353 0.849899 0.252336 0.00572403 0.203711 0.770916 0.788568 0.460086 0.672381 0.715019 0.324796 0.852519 0.282534 0.554207 0.562531 0.457801 0.268646 0.129348 0.943761 0.790625 0.0298716 0.0525485 0.183239 0.694664 0.221987 0.933831 0.905087 0.793628 0.498355 0.84707 0.704309 0.326075 0.34225 0.188133 0.959549 0.139918 0.598727 0.811016 0.75404 0.15085 0.334031 0.0651678 0.275443 0.371243 0.482638 0.703366 0.479415 0.522649 0.15507 
0.262733 0.758485 0.855352 0.907087 0.410349 0.732833 0.721574 0.495712 0.43244 0.0196724 0.633829 0.760884 0.181354 0.0150555 0.0369898 0.688229 0.0664865 0.438962 0.628099 0.461378 0.387911 0.617344 0.699289 0.944862 0.291027 0.288063 0.471446 0.590837 0.192657 0.989384 0.585093 0.66038 0.999046 0.973889 0.150455 0.692504 0.914309 0.79858 0.741442 0.410065 0.967216 0.994694 0.814132 0.111409 0.459002 0.444008 0.447268 0.235688 0.206206 0.708179 0.370208 0.0880396 0.682338 0.0477009 0.70949 0.405586 
0.67669 0.135137 0.253635 0.849442 0.563468 0.204981 0.111422 0.663161 0.73875 0.167703 0.583029 0.972361 0.477514 0.576067 0.953044 0.80838 0.446584 0.744684 0.901067 0.238709 0.983213 0.853847 0.608685 0.166301 0.0198663 0.892087 0.309768 0.277879 0.320678 0.627735 0.338763 0.58702 0.0401588 0.949184 0.938431 0.205807 0.00253051 0.530251 0.936772 0.332005 0.0131517 0.0407261 0.484324 0.0295482 0.616024 0.511007 0.502444 0.577047 0.434501 0.657977 0.627331 0.5537 0.0331268 0.761687 0.675963 0.914724 
0.758179 0.719548 0.442827 0.597029 0.260562 0.270574 0.536378 0.908477 0.772898 0.104984 0.458096 0.215068 0.64221 0.619495 0.847003 0.579261 0.637492 0.321579 0.773019 0.136404 0.537924 0.888102 0.329102 0.216405 0.112365 0.52689 0.442267 0.175974 0.595783 0.319139 0.770874 0.0843042 0.900683 0.771858 0.624248 0.732171 0.591178 0.9257 0.233795 0.396155 0.182867 0.450701 0.927691 0.696126 0.784687 0.231181 0.450951 0.134763 0.96568 0.181238 0.0682461 0.0121892 0.864333 0.846171 0.588655 0.5305 
0.113095 0.78959 0.636392 0.841423 0.803086 0.468475 0.658217 0.658952 0.00911939 0.269565 0.580095 0.661273 0.0172543 0.992464 0.337743 0.438255 0.752593 0.836246 0.784566 0.208017 0.143489 0.625344 0.154677 0.653764 0.804825 0.69663 0.261834 0.649483 0.866897 0.942456 0.864417 0.261828 0.538388 0.687995 0.124908 0.325795 0.630893 0.412738 0.889667 0.640252 0.713314 0.665235 0.600748 0.774266 0.0871638 0.962205 0.777325 0.506504 0.808759 0.811411 0.377042 0.951764 0.293096 0.070107 0.287965 0.831 
0.612753 0.539098 0.628483 0.908295 0.720129 0.212265 0.53491 0.227309 0.38805 0.961357 0.529913 0.25007 0.922838 0.141202 0.18567 0.547482 0.533089 0.621525 0.976813 0.299592 0.241314 0.75698 0.566702 0.559123 0.181614 0.38141 0.363608 0.164298 0.351037 0.879016 0.615029 0.793898 0.0500458 0.120049 0.670013 0.9044 0.243253 0.347555 0.355625 0.997413 0.519619 0.244209 0.426275 0.402183 0.483885 0.651497 0.706999 0.528484 0.226028 0.845296 0.887243 0.898514 0.318039 0.283879 0.150344 0.833702 
0.0319365 0.756533 0.0418592 0.527344 0.0656669 0.66312 0.0495519 0.818541 0.222751 0.783094 0.46182 0.811159 0.157095 0.302548 0.92579 0.753574 0.324622 0.913568 0.343869 0.399222 0.723641 0.237576 0.933955 0.982111 0.344147 0.0836014 0.0882808 0.735912 0.466616 0.418857 0.737614 0.0741012 0.418186 0.448068 0.683167 0.985314 0.174119 0.410433 0.140077 0.268185 0.377485 0.395361 0.831097 0.247204 0.759237 0.488365 0.943196 0.297223 0.429778 0.285515 0.655915 0.970149 0.291053 0.720274 0.645796 0.894755 
