52 9
0.606158 0.69931 0.303036 0.117901 0.565633 0.594733 0.683457 0.859819 0.986246 0.828861 0.660393 0.219429 0.946465 0.240722 0.821569 0.106948 0.470308 0.47079 0.561628 0.274708 0.0119503 0.849132 0.357031 0.612183 0.960069 0.873449 0.063432 0.101712 0.481405 0.971518 0.298606 0.669892 0.880508 0.702777 0.566841 0.89016 0.922585 0.892994 0.553501 0.689357 0.0309297 0.835687 0.39776 0.152598 0.720944 0.912817 0.719935 0.946947 0.338941 0.574783 0.380009 0.814564 
0.378193 0.295293 0.985666 0.0947591 0.615625 0.810712 0.634334 0.25982 0.800859 0.0362186 0.72665 0.810956 0.729451 0.881315 0.263276 0.883147 0.0525572 0.329365 0.636707 0.128958 0.390445 0.202177 0.980595 0.868384 0.930199 0.847503 0.977135 0.709538 0.211216 0.913526 0.635793 0.780915 0.843326 0.78419 0.883685 0.0876466 0.0765845 0.156072 0.104556 0.265537 0.883159 0.261427 0.809855 0.231545 0.583678 0.882477 0.784941 0.507313 0.409948 0.992678 0.93151 0.880579 
0.893676 0.0143734 0.574012 0.41991 0.419675 0.478088 0.233384 0.480572 0.973282 0.942271 0.74622 0.7132 0.754708 0.385133 0.936644 0.168859 0.0208112 0.774514 0.257061 0.427265 0.0485961 0.755443 0.725619 0.484845 0.795606 0.751776 0.0974225 0.379757 0.578354 0.393454 0.780127 0.59416 0.041096 0.701005 0.783115 0.813576 0.777048 0.838301 0.332727 0.149276 0.874204 0.744897 0.488268 0.320829 0.17143 0.224514 0.406418 0.671436 0.825619 0.177334 0.458791 0.897348 
0.730891 0.0830394 0.643223 0.644736 0.0736582 0.973399 0.916324 0.654061 0.799223 0.536134 0.798193 0.23117 0.279452 0.747212 0.386255 0.780897 0.539773 0.959539 0.975658 0.88363 0.166514 0.605071 0.432071 0.818629 0.692763 0.262765 0.298277 0.148138 0.761764 0.968598 0.221964 0.555614 0.209937 0.410827 0.772079 0.337555 0.282671 0.847952 0.525942 0.510025 0.99066 0.018521 0.283131 0.5797 0.0222267 0.563875 0.0424883 0.100033 0.252896 0.426505 0.264668 0.276165 
0.501317 0.637406 0.881026 0.401583 0.398379 0.560042 0.619315 0.82543 0.996166 0.55712 0.513246 0.129068 0.249583 0.740674 0.513672 0.289922 0.721911 0.164297 0.331628 0.665301 0.71383 0.341571 0.787297 0.101267 0.999365 0.319902 0.588166 0.309173 0.270473 0.84481 0.725561 0.505375 0.84142 0.745703 0.0334123 0.559995 0.836185 0.759735 0.860811 0.648969 0.225169 0.416007 0.824151 0.50051 0.077415 0.114676 0.353531 0.803858 0.4462 0.276205 0.182243 0.951126 
0.566478 0.79766 0.279103 0.885089 0.689104 0.771256 0.500659 0.577838 0.727996 0.431104 0.558556 0.652579 0.889768 0.325543 0.402924 0.93729 0.0269059 0.207334 0.663552 0.314637 0.111132 0.798055 0.903506 0.231267 0.901522 0.874569 0.878517 0.231289 0.279097 0.78362 0.301681 0.348254 0.101699 0.250605 0.922145 0.497654 0.0775019 0.574677 0.596372 0.221108 0.16966 0.471577 0.799493 0.0772357 0.100545 0.862873 0.304148 0.814143 0.293897 0.525608 0.893306 0.792394 
0.769363 0.677554 0.647496 0.458811 0.242335 0.916592 0.165642 0.941038 0.0245609 0.794592 0.700082 0.273043 0.03963 0.0620758 0.307709 0.671874 0.183627 0.218084 0.336084 0.570777 0.0457474 0.875821 0.921424 0.381488 0.665384 0.107675 0.695488 0.0727587 0.855162 0.713279 0.07515 0.0461355 0.399788 0.243167 0.910806 0.911554 0.483575 0.445701 0.9003 0.336767 0.0456272 0.856892 0.775906 0.654548 0.984102 0.807276 0.888987 0.208337 0.518475 0.0159471 0.0222486 0.932716 
0.155368 0.267657 0.516313 0.680869 0.373201 0.394838 0.0376937 0.51842 0.0878258 0.0874905 0.453162 0.294873 0.93374 0.365366 0.706877 0.485293 0.313366 0.741857 0.390553 0.0196786 0.73806 0.581147 0.333035 0.317512 0.431058 0.786673 0.606685 0.559261 0.497632 0.701367 0.868579 0.204587 0.495768 0.37623 0.293082 0.835238 0.838943 0.115281 0.522294 0.194304 0.663301 0.0993628 0.989976 0.527126 0.401103 0.329964 0.702725 0.69132 0.0208762 0.866402 0.620036 0.948186 
0.163101 0.243803 0.597541 0.867432 0.927715 0.11054 0.842107 0.288596 0.434087 0.692751 0.0735551 0.240711 0.633869 0.436175 0.787866 0.664676 0.204973 0.976542 0.74092 0.636627 0.791329 0.87246 0.429744 0.710598 0.0215362 0.958786 0.311012 0.171781 0.122928 0.0442924 0.422956 0.625394 0.00071519 0.0201997 0.49576 0.234541 0.932966 0.356485 0.436955 0.897215 0.485185 0.498572 0.496467 0.117231 0.309788 0.605515 0.887103 0.533338 0.809236 0.821879 0.328576 0.377953 
0.252073 0.591245 0.0512333 0.0777214 0.264356 0.0342896 0.305415 0.105154 0.323517 0.356214 0.885193 0.440395 0.719033 0.792396 0.800559 0.987177 0.49031 0.638237 0.852543 0.687909 0.685482 0.895799 0.700035 0.480475 0.339363 0.666702 0.2675 0.866508 0.405787 0.0568445 0.385072 0.903054 0.630868 0.00393555 0.144842 0.351852 0.582323 0.101356 0.486609 0.445783 0.267543 0.593742 0.0285987 0.658988 0.61398 0.167522 0.537421 0.436719 0.933198 0.253179 0.180907 0.497898 
