44 10
0.742625 0.302332 0.300264 0.530906 0.937141 0.533206 0.584974 0.650951 0.540403 0.55181 0.270433 0.171531 0.924261 0.0463228 0.546521 0.37857 0.63149 0.452796 0.141187 0.92783 0.0350518 0.115749 0.392929 0.960177 0.689198 0.356432 0.558883 0.146612 0.101666 0.705671 0.209033 0.210281 0.186116 0.0574705 0.906146 0.598571 0.177154 0.421432 0.00253434 0.594584 0.177391 0.407754 0.117236 0.387418 
0.328835 0.736293 0.883996 0.327463 0.678049 0.964124 0.0370794 0.193123 0.81008 0.0083399 0.168716 0.609624 0.955054 0.591373 0.201372 0.454258 0.714523 0.985033 0.448549 0.762414 0.89093 0.859879 0.986769 0.619697 0.244782 0.0522943 0.910096 0.983103 0.00530567 0.172352 0.72283 0.610607 0.467214 0.463713 0.621797 0.547742 0.892455 0.484899 0.697329 0.0095746 0.920225 0.213357 0.88838 0.995066 
0.0726287 0.671378 0.855791 0.277703 0.358475 0.8903 0.280365 0.098588 0.968471 0.0867509 0.0216397 0.69912 0.105885 0.616067 0.235463 0.429341 0.939302 0.842613 0.790076 0.803373 0.285644 0.824508 0.51279 0.458569 0.168028 0.0540761 0.857776 0.64481 0.326738 0.488659 0.88446 0.126683 0.161605 0.0914566 0.111695 0.260988 0.42699 0.426781 0.903881 0.536229 0.401339 0.300156 0.718045 0.181585 
0.894399 0.161665 0.111913 0.929278 0.372133 0.441741 0.348565 0.335309 0.542603 0.535177 0.720624 0.520668 0.866962 0.0369037 0.240249 0.865689 0.631486 0.391242 0.596483 0.0919707 0.751764 0.901427 0.278929 0.95427 0.4182 0.6902 0.199256 0.902772 0.8919 0.163224 0.299383 0.734521 0.0940958 0.467565 0.359912 0.0344775 0.462956 0.894243 0.535152 0.293288 0.29436 0.30516 0.8224 0.0835519 
0.256197 0.901352 0.0199711 0.654132 0.990467 0.771329 0.728679 0.9091 0.247891 0.306003 0.000243981 0.100587 0.566409 0.630537 0.443371 0.730206 0.570881 0.791442 0.77408 0.955356 0.669364 0.99599 0.611063 0.138269 0.88445 0.956373 0.767797 0.36404 0.426174 0.713135 0.656137 0.688887 0.128778 0.367142 0.54923 0.911448 0.698372 0.544688 0.570702 0.783025 0.306006 0.0475309 0.851903 0.933765 
0.794635 0.423019 0.68161 0.814452 0.492062 0.0829636 0.369833 0.788916 0.30971 0.303684 0.0229607 0.899649 0.404942 0.852376 0.876481 0.0235363 0.573934 0.106394 0.169615 0.725654 0.0644428 0.0895826 0.615122 0.350242 0.523058 0.0388158 0.376597 0.464464 0.248087 0.592891 0.714357 0.201381 0.614213 0.0838369 0.046608 0.339945 0.459212 0.97878 0.357745 0.623852 0.0796393 0.498189 0.067754 0.741908 
0.252846 0.590101 0.821249 0.735382 0.561718 0.802744 0.712783 0.743448 0.126088 0.15315 0.989526 0.958408 0.968483 0.290581 0.791794 0.684131 0.189921 0.00599801 0.808512 0.659326 0.291988 0.438206 0.931858 0.731479 0.965638 0.485983 0.908836 0.813392 0.679864 0.468635 0.349338 0.322019 0.165972 0.493377 0.192981 0.43437 0.449673 0.661953 0.444779 0.394603 0.0924445 0.714031 0.711723 0.931938 
0.0870843 0.625923 0.88384 0.698187 0.426584 0.600528 0.0666096 0.506947 0.252474 0.322478 0.888219 0.302787 0.94197 0.684938 0.751759 0.815266 0.179419 0.495278 0.138898 0.455684 0.677574 0.988592 0.270232 0.789092 0.265292 0.76015 0.839256 0.370069 0.755547 0.475337 0.993527 0.210673 0.78582 0.270389 0.428167 0.202067 0.14161 0.0396907 0.0808264 0.450054 0.0610586 0.212649 0.996611 0.0344096 
0.321425 0.187077 0.209672 0.960996 0.463413 0.57512 0.0358132 0.912544 0.120331 0.399629 0.557455 0.140351 0.877979 0.187004 0.974976 0.428001 0.412178 0.471657 0.143672 0.692349 0.314632 0.0230307 0.0771735 0.0543944 0.206732 0.54073 0.0510083 0.297272 0.251172 0.439457 0.94569 0.218794 0.278153 0.924798 0.072357 0.10452 0.662578 0.948885 0.916195 0.486391 0.778041 0.530045 0.471154 0.689424 
0.153615 0.799859 0.225624 0.0553727 0.648384 0.389137 0.223086 0.411717 0.729061 0.336013 0.369523 0.573721 0.526128 0.629976 0.00375188 0.0577928 0.323622 0.107826 0.22602 0.71195 0.746409 0.895034 0.837091 0.995688 0.523727 0.287531 0.53489 0.90437 0.744298 0.418947 0.24952 0.675552 0.00993272 0.939203 0.190857 0.739888 0.300123 0.175302 0.299053 0.176515 0.692317 0.769533 0.547624 0.922088 
0.531356 0.501413 0.252362 0.440534 0.0486069 0.935801 0.0139471 0.409495 0.387896 0.372762 0.0118714 0.522938 0.0157541 0.779126 0.777914 0.399535 0.99139 0.297406 0.497402 0.836956 0.718003 0.475858 0.737429 0.962947 0.253568 0.709179 0.165424 0.287564 0.080451 0.140506 0.480098 0.00234355 0.388105 0.882513 0.39604 0.240887 0.584715 0.312278 0.462941 0.651766 0.231399 0.129196 0.395973 0.11061 
