17 10
0.637591 0.990708 0.837097 0.0834683 0.851559 0.156825 0.75477 0.421705 0.590532 0.0713629 0.396184 0.66404 0.525454 0.298504 0.964886 0.84721 0.0609152 
0.801001 0.416421 0.788007 0.0351734 0.159472 0.25016 0.444777 0.374098 0.46344 0.0280864 0.0483776 0.0817763 0.414016 0.369028 0.258282 0.941604 0.531197 
0.825085 0.195715 0.37774 0.673544 0.252994 0.0737128 0.891401 0.772722 0.135933 0.625097 0.00201314 0.834913 0.376474 0.395282 0.498431 0.124177 0.0405785 
0.00255077 0.870777 0.145934 0.719574 0.880392 0.743226 0.398521 0.9408 0.0198547 0.697625 0.990346 0.752439 0.24085 0.960187 0.85986 0.669441 0.288539 
0.471388 0.624045 0.329688 0.0639337 0.534297 0.923542 0.970759 0.552448 0.99198 0.207491 0.300874 0.786948 0.237 0.26086 0.274402 0.878916 0.949249 
0.0279944 0.502059 0.108671 0.425667 0.193263 0.173048 0.423487 0.550014 0.0920551 0.170442 0.624746 0.100078 0.00503377 0.602559 0.202947 0.929793 0.0311342 
0.27209 0.00977792 0.337468 0.820869 0.35142 0.319468 0.297034 0.258823 0.0406579 0.336759 0.906748 0.718841 0.559464 0.907957 0.0294744 0.376515 0.0822725 
0.753936 0.403754 0.890509 0.777884 0.889194 0.675301 0.785556 0.8396 0.150939 0.827381 0.790523 0.326971 0.402915 0.799209 0.30571 0.0626346 0.699274 
0.702268 0.0142078 0.789891 0.693307 0.404779 0.114759 0.747416 0.815464 0.509688 0.323351 0.559993 0.80117 0.259671 0.282599 0.648279 0.624549 0.792607 
0.346538 0.259767 0.905295 0.298659 0.565237 0.93501 0.707241 0.600583 0.994887 0.0724605 0.844134 0.355975 0.877482 0.832918 0.856854 0.150141 0.419159 
0.804961 0.977328 0.951753 0.107635 0.0191413 0.708645 0.198824 0.627528 0.86326 0.812212 0.8511 0.4332 0.79471 0.686179 0.61754 0.00224347 0.706054 
