48 8
0.829779 0.090111 0.494905 0.861594 0.81041 0.561196 0.0186303 0.119354 0.975554 0.14292 0.0578266 0.89173 0.304329 0.860752 0.666376 0.787405 0.92341 0.758738 0.10662 0.970531 0.710155 0.567193 0.819402 0.687807 0.973879 0.976146 0.0828865 0.0725735 0.742842 0.94953 0.751067 0.189523 0.319719 0.524581 0.631231 0.100732 0.00256959 0.18708 0.245642 0.508671 0.225473 0.531126 0.634036 0.248964 0.337387 0.461867 0.603736 0.988901 
0.453527 0.42465 0.0917071 0.321421 0.121852 0.973746 0.746241 0.0732131 0.492963 0.229954 0.842712 0.46178 0.143382 0.82686 0.0340371 0.0619338 0.921809 0.851007 0.878735 0.890767 0.11269 0.986988 0.306316 0.251425 0.69492 0.513389 0.523053 0.948985 0.585865 0.626576 0.861872 0.49054 0.500817 0.223276 0.604993 0.119691 0.641548 0.5031 0.598094 0.158537 0.539061 0.991205 0.18082 0.0455589 0.707973 0.897069 0.0376442 0.686086 
0.0440567 0.461475 0.011632 0.499174 0.624274 0.170432 0.444238 0.312532 0.723883 0.295916 0.459383 0.85512 0.994106 0.93626 0.717474 0.580516 0.728954 0.532215 0.934725 0.925877 0.219672 0.0353988 0.947365 0.355782 0.620272 0.910098 0.0114419 0.303637 0.219224 0.494958 0.760773 0.318428 0.812268 0.790937 0.280027 0.415431 0.145922 0.504012 0.935093 0.105837 0.797937 0.93278 0.226986 0.947761 0.0194497 0.891533 0.994417 0.162467 
0.574724 0.390913 0.0688985 0.977574 0.0916203 0.862202 0.0327909 0.117028 0.887794 0.154565 0.771631 0.808306 0.195117 0.326209 0.587627 0.248014 0.370881 0.404117 0.986374 0.982615 0.807387 0.759255 0.793569 0.52232 0.637973 0.408973 0.609473 0.407305 0.569047 0.978416 0.242212 0.864659 0.325271 0.826454 0.215673 0.814752 0.542692 0.021475 0.930432 0.771801 0.654866 0.330193 0.560365 0.0617095 0.151002 0.892378 0.189658 0.588005 
0.595567 0.699342 0.833867 0.79992 0.252216 0.998581 0.154102 0.985591 0.834385 0.507147 0.618415 0.699789 0.358373 0.175574 0.877134 0.994916 0.559167 0.916103 0.939752 0.411886 0.561878 0.490734 0.760734 0.658172 0.889847 0.659141 0.178948 0.572981 0.0920854 0.679055 0.870984 0.623151 0.301157 0.547016 0.703589 0.218267 0.412489 0.707616 0.897006 0.986978 0.132641 0.296368 0.0572148 0.608311 0.885287 0.0256809 0.618786 0.939644 
0.595331 0.720486 0.206215 0.854564 0.652998 0.929986 0.274405 0.926109 0.122112 0.328087 0.162355 0.695112 0.749561 0.872299 0.727291 0.580814 0.748177 0.609582 0.251166 0.345783 0.569904 0.378693 0.694724 0.233733 0.349856 0.0275082 0.330782 0.450204 0.576923 0.350026 0.883483 0.705818 0.677563 0.807114 0.172001 0.812881 0.0860328 0.953449 0.613643 0.499509 0.240492 0.950279 0.334656 0.5645 0.558984 0.845943 0.770068 0.533674 
0.453527 0.427773 0.575285 0.807945 0.123255 0.547874 0.110956 0.844015 0.359985 0.26922 0.785178 0.479109 0.390515 0.382033 0.828309 0.393126 0.272187 0.639611 0.950311 0.873611 0.782743 0.563892 0.328628 0.253105 0.939081 0.133978 0.767635 0.642976 0.499531 0.610319 0.63692 0.708551 0.617834 0.942021 0.543334 0.816363 0.607005 0.925888 0.405877 0.582454 0.30919 0.55972 0.218384 0.387059 0.296951 0.85298 0.0393115 0.708338 
0.042201 0.272752 0.139783 0.330591 0.239248 0.0424307 0.132068 0.659259 0.160256 0.416352 0.624242 0.629152 0.159272 0.892844 0.0221087 0.581009 0.0230977 0.202418 0.0314225 0.117536 0.422098 0.193335 0.373246 0.137912 0.892989 0.465736 0.624601 0.672847 0.533108 0.94596 0.744283 0.162618 0.123882 0.0900399 0.300812 0.746644 0.839587 0.934618 0.122917 0.859418 0.237325 0.716473 0.767299 0.992518 0.24186 0.946617 0.790624 0.0167859 
0.121367 0.81114 0.831644 0.435166 0.834072 0.246488 0.731821 0.714764 0.0405479 0.488836 0.861901 0.968191 0.383565 0.571695 0.481195 0.436957 0.939649 0.683072 0.390629 0.297482 0.781193 0.506496 0.681424 0.691597 0.67845 0.714117 0.170144 0.604145 0.872059 0.702056 0.46023 0.0856815 0.0496819 0.00392182 0.913948 0.724027 0.714108 0.00516378 0.787571 0.711868 0.357275 0.726865 0.426034 0.349172 0.53569 0.345713 0.39778 0.490314 
