18 8
0.25148 0.628512 0.393061 0.170727 0.405922 0.324081 0.829995 0.720051 0.904885 0.410476 0.869447 0.800813 0.259882 0.835755 0.54102 0.929615 0.0352 0.606788 
0.292442 0.0669675 0.522388 0.774894 0.640381 0.883417 0.594669 0.600092 0.741496 0.319521 0.184349 0.355554 0.794062 0.795466 0.39229 0.216591 0.242827 0.195232 
0.259486 0.183592 0.630308 0.585119 0.0998693 0.50354 0.990757 0.648613 0.236721 0.567418 0.589004 0.389617 0.299735 0.646787 0.553855 0.640505 0.97042 0.855869 
0.582124 0.761625 0.629351 0.497853 0.414047 0.896056 0.0129353 0.404 0.0310806 0.370852 0.907322 0.362196 0.423578 0.0729632 0.293325 0.921299 0.271217 0.34234 
0.71102 0.108517 0.845932 0.575998 0.791141 0.708352 0.280451 0.546098 0.277001 0.557907 0.739489 0.597981 0.264274 0.65897 0.301442 0.33749 0.194485 0.702351 
0.406339 0.337032 0.501203 0.714295 0.152648 0.550602 0.970663 0.92893 0.530132 0.928244 0.000207395 0.485685 0.90547 0.231583 0.219806 0.273897 0.385529 0.590036 
0.731005 0.995342 0.717915 0.0047662 0.105543 0.852955 0.62287 0.582631 0.283007 0.499232 0.59508 0.512286 0.995219 0.650846 0.770313 0.650266 0.0147124 0.271194 
0.958175 0.0471509 0.465672 0.545556 0.163382 0.960521 0.476321 0.526959 0.602722 0.941511 0.974931 0.66745 0.833002 0.257657 0.441152 0.437752 0.298823 0.321316 
0.361718 0.388268 0.62049 0.575844 0.206804 0.746868 0.602615 0.144686 0.740302 0.263949 0.183814 0.358688 0.477399 0.652494 0.463936 0.376686 0.95851 0.680305 
