8 8
0.109811 0.592289 0.60567 0.494998 0.423565 0.859092 0.760189 0.494659 
0.739062 0.412043 0.213335 0.52029 0.509814 0.443115 0.438374 0.747081 
0.189252 0.756085 0.524937 0.611806 0.622306 0.0987622 0.89594 0.0594814 
0.703617 0.698266 0.756574 0.737631 0.368247 0.134415 0.118498 0.589725 
0.509165 0.536178 0.535288 0.591595 0.944301 0.875286 0.937441 0.576025 
0.248772 0.117439 0.790456 0.195262 0.775674 0.758409 0.579333 0.85457 
0.763013 0.956674 0.818419 0.171014 0.231168 0.237369 0.468525 0.496437 
0.619138 0.850337 0.615994 0.0167566 0.628047 0.58974 0.76137 0.3414 
0.916796 0.592097 0.368527 0.835066 0.950199 0.991526 0.57545 0.59601 
