29 9
0.0108446 0.264862 0.539902 0.126653 0.657657 0.24174 0.929394 0.320343 0.0118061 0.425814 0.653999 0.758245 0.826471 0.489893 0.635773 0.441971 0.204797 0.0288965 0.663771 0.00412876 0.392143 0.747833 0.831397 0.296793 0.203222 0.553455 0.925613 0.784336 0.334716 
0.565986 0.528968 0.369787 0.0168994 0.0276747 0.127887 0.397997 0.141049 0.613925 0.230298 0.624215 0.188175 0.6626 0.310965 0.380425 0.811017 0.767744 0.473517 0.398951 0.161549 0.150876 0.768778 0.857761 0.395486 0.927421 0.169909 0.667208 0.760801 0.778806 
0.391118 0.51841 0.915387 0.915404 0.201098 0.856517 0.473198 0.0376137 0.172848 0.0589859 0.375656 0.653281 0.689279 0.718753 0.0785895 0.853835 0.41283 0.433153 0.996678 0.172536 0.809652 0.824242 0.0291568 0.0381952 0.946207 0.897299 0.90067 0.554473 0.0306443 
0.0387413 0.125114 0.782913 0.423436 0.684895 0.0364916 0.313732 0.897813 0.542421 0.475536 0.337727 0.176009 0.184388 0.0131098 0.335946 0.243426 0.259074 0.254344 0.755744 0.789797 0.115268 0.309018 0.658039 0.662666 0.424618 0.549989 0.670339 0.388266 0.587564 
0.196369 0.375213 0.205763 0.250847 0.983389 0.823602 0.280085 0.383834 0.105675 0.0841594 0.467817 0.592725 0.931817 0.0454115 0.231592 0.367834 0.179622 0.904593 0.498631 0.490533 0.389393 0.519787 0.052021 0.317763 0.634389 0.181164 0.823893 0.161563 0.396131 
0.768445 0.261743 0.11467 0.25434 0.693931 0.904346 0.344433 0.890276 0.862398 0.323012 0.866239 0.876455 0.587326 0.183774 0.688156 0.845862 0.410909 0.155234 0.0108533 0.411262 0.0857666 0.47981 0.167025 0.185683 0.779933 0.336934 0.8552 0.344381 0.0193103 
0.548107 0.0291264 0.527658 0.341673 0.495316 0.776614 0.549275 0.666043 0.177292 0.743038 0.240471 0.601755 0.693874 0.948292 0.951309 0.655327 0.0795825 0.542824 0.249955 0.000227955 0.831243 0.69343 0.473374 0.99908 0.54573 0.0904832 0.750975 0.644849 0.969549 
0.21335 0.771994 0.896618 0.465882 0.0852665 0.0742033 0.135643 0.757987 0.493096 0.463514 0.280532 0.909076 0.845882 0.735978 0.577264 0.0779107 0.444492 0.572973 0.949614 0.165159 0.831698 0.35615 0.806367 0.613988 0.303395 0.164961 0.500717 0.558138 0.625188 
0.53134 0.23948 0.945668 0.84161 0.945992 0.2819 0.887899 0.92028 0.143552 0.680652 0.71003 0.475408 0.188614 0.0309227 0.718519 0.145534 0.98532 0.269819 0.854506 0.681956 0.641998 0.0552644 0.828291 0.0926641 0.404962 0.195687 0.913096 0.4066 0.720621 
0.474031 0.0332828 0.384789 0.144113 0.105721 0.853695 0.0523735 0.241635 0.164688 0.916797 0.612547 0.0767675 0.231773 0.402994 0.112317 0.715804 0.523592 0.0184084 0.389361 0.98649 0.935599 0.615503 0.75575 0.88884 0.725977 0.49437 0.875459 0.832055 0.353121 
