21 9
0.557341 0.236274 0.0495013 0.968167 0.984381 0.486811 0.831736 0.986978 0.146705 0.669773 0.879979 0.802598 0.268013 0.495339 0.157962 0.85954 0.290972 0.36362 0.359448 0.245784 0.897725 
0.0560686 0.344963 0.797357 0.177555 0.161728 0.160279 0.810613 0.971857 0.00286299 0.118318 0.575195 0.310079 0.500596 0.512075 0.438158 0.120748 0.418191 0.541257 0.90361 0.977885 0.321239 
0.0699284 0.287108 0.42843 0.619669 0.777665 0.219409 0.606441 0.449979 0.792741 0.593316 0.864912 0.56998 0.661232 0.318219 0.300302 0.181575 0.725772 0.0484822 0.839641 0.853535 0.369236 
0.747113 0.725264 0.51612 0.422243 0.642041 0.784862 0.175515 0.887615 0.14621 0.35586 0.945323 0.046857 0.526121 0.522872 0.909121 0.598959 0.696566 0.188182 0.769555 0.906377 0.482759 
0.72372 0.56481 0.769757 0.310676 0.52677 0.415558 0.281894 0.797152 0.739626 0.899841 0.632372 0.273912 0.643643 0.706289 0.594531 0.276693 0.381405 0.278731 0.636985 0.811318 0.818335 
0.754339 0.181523 0.851183 0.832195 0.700491 0.159943 0.163222 0.277 0.536447 0.0628743 0.728187 0.645613 0.811205 0.915353 0.341152 0.747431 0.0716058 0.478418 0.774336 0.261511 0.207316 
0.355921 0.958799 0.532733 0.637319 0.421705 0.60253 0.718792 0.739143 0.774693 0.257629 0.962937 0.0842831 0.546821 0.422305 0.68521 0.325106 0.0533055 0.905049 0.158518 0.206847 0.475174 
0.246104 0.264759 0.804279 0.517528 0.0877751 0.236584 0.270222 0.617428 0.115447 0.313013 0.807262 0.653484 0.104754 0.598725 0.774827 0.523308 0.23184 0.535821 0.549462 0.808165 0.836938 
0.412188 0.636786 0.459464 0.209042 0.373766 0.878973 0.897046 0.648752 0.573393 0.0155969 0.13642 0.807605 0.417206 0.977294 0.38265 0.205832 0.422533 0.505652 0.496388 0.791335 0.966947 
0.48546 0.133653 0.304579 0.057643 0.805268 0.141433 0.0566544 0.1898 0.970289 0.645976 0.914575 0.264823 0.88485 0.676861 0.00339995 0.142999 0.377157 0.874366 0.471518 0.806741 0.903423 
