67 8
0.220896 0.595858 0.582151 0.207587 0.915595 0.400322 0.215865 0.0387782 0.745291 0.100321 0.100377 0.0386492 0.577919 0.0775753 0.807291 0.140315 0.281328 0.272187 0.647634 0.776544 0.369066 0.899128 0.65031 0.761794 0.473837 0.775416 0.412794 0.827853 0.732606 0.901312 0.349799 0.0733329 0.506727 0.560533 0.870139 0.433975 0.817405 0.120298 0.849012 0.347908 0.283513 0.0065973 0.880783 0.320381 0.651072 0.563887 0.252321 0.759671 0.78719 0.295192 0.28707 0.790909 0.814522 0.67933 0.496963 0.452816 0.472579 0.632393 0.63121 0.738285 0.356063 0.349003 0.699383 0.525139 0.00659534 0.847904 0.730133 
0.353113 0.774683 0.0971567 0.912129 0.152757 0.384516 0.562869 0.146054 0.722295 0.611151 0.611544 0.215379 0.88025 0.361881 0.132647 0.398205 0.626914 0.544764 0.840804 0.392974 0.715719 0.0841901 0.983026 0.725319 0.430177 0.983596 0.298831 0.45107 0.126707 0.568905 0.581027 0.323873 0.331154 0.69956 0.500756 0.199799 0.0138243 0.344891 0.587846 0.933162 0.64842 0.992941 0.363442 0.362324 0.586739 0.328379 0.0707483 0.0658618 0.939034 0.347686 0.560674 0.243071 0.296727 0.0842782 0.464347 0.277094 0.116325 0.0700156 0.752158 0.513143 0.402352 0.330461 0.0496491 0.452366 0.919866 0.19455 0.80471 
0.766874 0.857874 0.289584 0.0452188 0.99196 0.878885 0.423763 0.186285 0.893911 0.962863 0.835046 0.616615 0.456382 0.409803 0.551437 0.00694297 0.690453 0.451276 0.593844 0.729817 0.0279968 0.542866 0.946698 0.151817 0.595051 0.0214242 0.0766848 0.840643 0.692689 0.0219024 0.113505 0.67991 0.241998 0.255873 0.461931 0.678758 0.887942 0.644978 0.148121 0.466671 0.336296 0.123291 0.15239 0.22125 0.554707 0.954825 0.743405 0.411689 0.25231 0.58011 0.915716 0.442285 0.477094 0.512181 0.233911 0.3347 0.303764 0.355377 0.813467 0.944229 0.661385 0.900349 0.168131 0.778711 0.787847 0.34482 0.387109 
0.142629 0.168678 0.972401 0.148343 0.20604 0.90763 0.545788 0.057572 0.612381 0.283302 0.449051 0.195342 0.12073 0.105755 0.421216 0.383543 0.205969 0.720355 0.000251025 0.218984 0.470068 0.427852 0.902566 0.432973 0.985451 0.482397 0.639516 0.351384 0.703494 0.615419 0.34194 0.982025 0.891338 0.723988 0.0723218 0.511923 0.884335 0.0250994 0.845506 0.416709 0.62637 0.405795 0.192522 0.724167 0.0769197 0.789555 0.0567633 0.0212957 0.917319 0.381055 0.383847 0.322654 0.837798 0.869769 0.208983 0.370707 0.469893 0.496532 0.213244 0.993177 0.33044 0.710227 0.790032 0.0726481 0.996979 0.222391 0.725923 
0.579913 0.605679 0.639394 0.295756 0.777287 0.855123 0.0501896 0.53605 0.385213 0.267361 0.538977 0.593744 0.056445 0.670438 0.0577167 0.0446911 0.123252 0.493504 0.317942 0.653842 0.117519 0.135222 0.67571 0.66016 0.317327 0.309902 0.516761 0.204194 0.88665 0.923352 0.777859 0.475633 0.9555 0.0891206 0.849329 0.664579 0.586057 0.858913 0.757602 0.0222382 0.757202 0.288931 0.0627018 0.828455 0.842803 0.994489 0.372275 0.817553 0.617223 0.664941 0.669901 0.0216021 0.0660213 0.619589 0.434739 0.650341 0.289205 0.673842 0.262473 0.386534 0.479215 0.173213 0.190954 0.364204 0.178826 0.526292 0.382032 
0.820037 0.357684 0.597361 0.846422 0.815341 0.433751 0.0565838 0.00388602 0.312327 0.282714 0.577385 0.110873 0.437264 0.100255 0.990582 0.717215 0.232021 0.571568 0.347492 0.289776 0.260659 0.897606 0.0586931 0.454513 0.00747419 0.618736 0.102301 0.367377 0.507064 0.2286 0.087833 0.209652 0.626497 0.538347 0.00364903 0.329175 0.440817 0.804707 0.712732 0.879456 0.0119655 0.103606 0.308212 0.119234 0.969108 0.800174 0.521375 0.757409 0.767674 0.294154 0.838117 0.239942 0.703846 0.541005 0.679014 0.195224 0.124372 0.315217 0.860026 0.449242 0.406283 0.392147 0.812502 0.728141 0.86357 0.0292622 0.809138 
0.18537 0.514 0.793871 0.592188 0.896367 0.247454 0.954382 0.29433 0.797236 0.151488 0.0537467 0.321285 0.840411 0.787738 0.505584 0.349207 0.113887 0.0944254 0.00777323 0.64476 0.486006 0.304843 0.493934 0.553561 0.70666 0.838784 0.437888 0.576508 0.369186 0.91182 0.960211 0.271292 0.610963 0.460327 0.708824 0.197716 0.0141131 0.199408 0.452462 0.535597 0.776299 0.256662 0.71066 0.0557361 0.756724 0.265102 0.576164 0.583981 0.968051 0.0396767 0.845675 0.265672 0.143548 0.610786 0.472195 0.186697 0.818886 0.0177944 0.0698625 0.178245 0.759992 0.190804 0.851024 0.158911 0.812044 0.0276196 0.203061 
0.840648 0.771336 0.845135 0.191388 0.655085 0.0199665 0.576737 0.21328 0.590298 0.137524 0.373889 0.960498 0.0817937 0.707059 0.53843 0.388361 0.178493 0.934867 0.313898 0.68728 0.109334 0.568868 0.959097 0.542 0.39862 0.608176 0.619467 0.389098 0.566352 0.681301 0.61966 0.627493 0.27233 0.0515185 0.871247 0.0549893 0.204449 0.172816 0.513793 0.321796 0.430931 0.662439 0.620227 0.162711 0.678825 0.0177882 0.966226 0.354854 0.0343158 0.745758 0.947266 0.701365 0.847236 0.501039 0.960055 0.63732 0.436826 0.733537 0.548275 0.851198 0.0809952 0.286777 0.853136 0.650916 0.947477 0.24898 0.611224 
0.837537 0.478354 0.698367 0.446397 0.58762 0.135784 0.118999 0.0237962 0.943482 0.10043 0.932655 0.139458 0.87353 0.411861 0.141845 0.989182 0.178697 0.364241 0.804982 0.33857 0.34144 0.582491 0.933281 0.646022 0.697987 0.0658786 0.221997 0.0964164 0.471098 0.738591 0.496195 0.55366 0.362446 0.630932 0.0778778 0.891668 0.269769 0.0120756 0.954441 0.285117 0.955064 0.762856 0.325848 0.522473 0.197563 0.447972 0.0632806 0.557 0.495741 0.923427 0.0428115 0.533717 0.17691 0.333993 0.41961 0.380988 0.266242 0.726507 0.397788 0.63093 0.0474802 0.998899 0.498698 0.614963 0.686491 0.847637 0.233775 
