59 8
0.240929 0.286514 0.437279 0.347788 0.267746 0.00234536 0.418393 0.933753 0.588637 0.216897 0.393924 0.684329 0.525606 0.85822 0.10849 0.390703 0.549012 0.25197 0.864779 0.34132 0.566067 0.879854 0.712785 0.784747 0.250996 0.482435 0.286272 0.37112 0.416109 0.545021 0.160905 0.331265 0.564333 0.746461 0.768707 0.663457 0.729015 0.555254 0.159778 0.386779 0.588967 0.770372 0.635324 0.886879 0.779467 0.498379 0.262721 0.5447 0.769131 0.792106 0.923345 0.662976 0.63244 0.424976 0.563834 0.359051 0.562683 0.0181355 0.803734 
0.365661 0.665219 0.330206 0.776005 0.322386 0.344445 0.0794624 0.525351 0.570466 0.815878 0.458885 0.487737 0.393282 0.884957 0.477881 0.742283 0.550953 0.862815 0.336574 0.797394 0.807914 0.609798 0.879745 0.868188 0.64346 0.632607 0.232842 0.376086 0.880494 0.470513 0.919902 0.791013 0.56262 0.95969 0.501728 0.546282 0.362727 0.356251 0.516687 0.961445 0.00127056 0.354241 0.723411 0.366004 0.426303 0.874512 0.920937 0.188297 0.70111 0.564029 0.631882 0.034929 0.051771 0.115902 0.969002 0.0177574 0.447815 0.423305 0.493379 
0.219669 0.978227 0.0638222 0.658903 0.181058 0.0454284 0.514586 0.642715 0.112467 0.234713 0.829169 0.835752 0.47567 0.589084 0.73076 0.878187 0.686009 0.757762 0.699843 0.254508 0.515392 0.197736 0.352322 0.473385 0.180856 0.642398 0.779696 0.35894 0.696705 0.515611 0.871606 0.0839076 0.23494 0.643084 0.304518 0.038861 0.136772 0.729826 0.193031 0.280204 0.396127 0.707149 0.0577863 0.213786 0.106507 0.0609279 0.0159988 0.890999 0.0218131 0.612947 0.808251 0.277968 0.807429 0.466735 0.415004 0.976631 0.233948 0.968933 0.863039 
0.0994766 0.902858 0.335615 0.675927 0.301958 0.00705663 0.600847 0.430748 0.586175 0.851069 0.912347 0.823371 0.396382 0.992611 0.809826 0.753245 0.783294 0.818816 0.840779 0.970366 0.938235 0.908002 0.793203 0.360033 0.0720336 0.66841 0.961849 0.803747 0.579712 0.223724 0.135768 0.857113 0.506329 0.878191 0.749716 0.475357 0.327165 0.666582 0.240705 0.525513 0.295498 0.43218 0.653599 0.0425708 0.486607 0.408208 0.754622 0.932591 0.0493154 0.843481 0.390927 0.306319 0.307915 0.134674 0.472604 0.0597051 0.462904 0.0332715 0.194616 
0.907399 0.651997 0.114139 0.341272 0.752367 0.0275589 0.183042 0.389182 0.974089 0.514792 0.104569 0.485372 0.648091 0.459323 0.833411 0.130477 0.928263 0.318701 0.415973 0.264057 0.998702 0.182532 0.817985 0.866186 0.989689 0.69824 0.322743 0.334959 0.654028 0.240303 0.764993 0.244109 0.731999 0.707192 0.77692 0.694988 0.657142 0.58695 0.866376 0.174794 0.763419 0.776322 0.637798 0.469404 0.279322 0.559499 0.496797 0.669579 0.609746 0.000898158 0.0953445 0.455015 0.433343 0.201451 0.792176 0.0994059 0.714862 0.688601 0.32165 
0.963833 0.137021 0.910117 0.340275 0.995343 0.732441 0.138901 0.509021 0.1076 0.438863 0.970881 0.597815 0.472147 0.369209 0.302301 0.775075 0.687633 0.0419954 0.816103 0.239507 0.394753 0.611432 0.334985 0.0851196 0.604749 0.0173505 0.610675 0.61697 0.417093 0.0884704 0.921322 0.661768 0.341044 0.927808 0.6674 0.996613 0.0773137 0.411579 0.415454 0.529695 0.590992 0.797672 0.473706 0.572191 0.81544 0.106786 0.758017 0.998006 0.492378 0.402289 0.263687 0.791436 0.668924 0.613635 0.356255 0.572818 0.350461 0.202641 0.792987 
0.730038 0.741288 0.83029 0.692261 0.83476 0.805746 0.17801 0.818249 0.315344 0.986106 0.478618 0.125689 0.452385 0.229149 0.304862 0.815833 0.702788 0.753562 0.11871 0.154362 0.367842 0.314251 0.617625 0.421383 0.190102 0.0514105 0.0557097 0.313509 0.148622 0.891163 0.76836 0.826629 0.161996 0.662015 0.477891 0.908789 0.0173955 0.366045 0.118131 0.42037 0.164603 0.484008 0.726596 0.899223 0.234821 0.639306 0.816158 0.163825 0.402146 0.866799 0.291515 0.49416 0.341532 0.127659 0.570331 0.560389 0.452183 0.834328 0.553113 
0.16204 0.411014 0.907292 0.849334 0.752321 0.2562 0.950181 0.684231 0.875737 0.50864 0.706123 0.815043 0.420461 0.68486 0.436279 0.549222 0.770049 0.205154 0.0233319 0.138768 0.277347 0.370387 0.0924498 0.803063 0.0856011 0.698084 0.690985 0.386016 0.763544 0.877741 0.191603 0.27644 0.132994 0.22658 0.133122 0.384255 0.180549 0.482347 0.811369 0.680331 0.326325 0.551709 0.576713 0.815724 0.865274 0.653973 0.323138 0.983139 0.612006 0.981689 0.247407 0.168833 0.583458 0.179837 0.520446 0.140593 0.949835 0.878192 0.778376 
0.166737 0.353855 0.243365 0.234328 0.354053 0.572882 0.434773 0.237037 0.887956 0.871215 0.510963 0.74972 0.535659 0.825823 0.605589 0.139971 0.497077 0.376028 0.910948 0.306243 0.0213777 0.29537 0.291715 0.857769 0.520582 0.427427 0.765379 0.730916 0.512324 0.62244 0.352263 0.492044 0.789138 0.0466531 0.0983047 0.207808 0.62329 0.638228 0.703623 0.786876 0.0274113 0.701089 0.205041 0.125077 0.174405 0.22887 0.615489 0.530084 0.128256 0.602117 0.776466 0.064935 0.362877 0.868657 0.514361 0.870765 0.94932 0.22726 0.563488 
