30 9
0.248121 0.165006 0.258208 0.706039 0.397507 0.901659 0.182088 0.348435 0.14888 0.225343 0.343131 0.00921853 0.935854 0.895955 0.323606 0.840892 0.866679 0.281226 0.566359 0.802868 0.796123 0.444963 0.484829 0.525017 0.964289 0.799013 0.010096 0.683888 0.0985458 0.259566 
0.525439 0.0471606 0.62882 0.582288 0.511928 0.981171 0.542152 0.950157 0.294791 0.555399 0.587807 0.275559 0.317309 0.0113491 0.744757 0.127968 0.760067 0.451546 0.141778 0.864658 0.303146 0.969127 0.119427 0.210829 0.409712 0.0238553 0.935302 0.621246 0.283927 0.953377 
0.399992 0.671626 0.0119686 0.157021 0.0536161 0.125558 0.256258 0.936569 0.917822 0.836914 0.0193665 0.492123 0.117132 0.641621 0.720585 0.879493 0.633669 0.0708829 0.328191 0.909764 0.400146 0.261058 0.604554 0.733923 0.0362643 0.493728 0.092647 0.11829 0.0980452 0.845749 
0.510917 0.989482 0.217995 0.836036 0.249075 0.196064 0.239636 0.556099 0.350081 0.811973 0.822852 0.670567 0.224165 0.545978 0.25491 0.271122 0.747999 0.622046 0.725911 0.392957 0.430995 0.739457 0.061405 0.0335193 0.35808 0.248397 0.815693 0.35267 0.323463 0.44135 
0.775448 0.956257 0.811862 0.966179 0.566473 0.706765 0.599232 0.284877 0.926472 0.212561 0.508669 0.201666 0.393174 0.0826462 0.0352627 0.659451 0.388022 0.494013 0.882432 0.0338602 0.0888605 0.478387 0.256817 0.32527 0.805386 0.115947 0.725225 0.856537 0.812072 0.492302 
0.127694 0.151048 0.664269 0.36709 0.674117 0.882128 0.933666 0.121537 0.669283 0.642647 0.9652 0.11035 0.644988 0.312913 0.126338 0.36196 0.460469 0.0993411 0.625878 0.126146 0.130303 0.00852652 0.305306 0.272054 0.411241 0.722044 0.392644 0.165281 0.879452 0.955342 
0.427709 0.503706 0.78553 0.398145 0.630461 0.153577 0.171182 0.0581776 0.791051 0.200587 0.26249 0.669567 0.411786 0.884085 0.814325 0.358578 0.61884 0.847792 0.845653 0.895257 0.591573 0.566491 0.0201015 0.846118 0.699556 0.443154 0.0816778 0.758653 0.67992 0.420979 
0.39355 0.400045 0.548625 0.741895 0.0226103 0.011449 0.423881 0.165801 0.615128 0.4614 0.754263 0.901207 0.584421 0.357537 0.12541 0.767575 0.629931 0.248233 0.0574144 0.963843 0.31734 0.540756 0.486898 0.294383 0.689591 0.958554 0.416978 0.150677 0.428054 0.295204 
0.48568 0.825359 0.810784 0.843728 0.531147 0.980087 0.323805 0.182313 0.1361 0.439905 0.488283 0.578277 0.106971 0.861588 0.702508 0.0497107 0.488053 0.709985 0.713652 0.352618 0.453703 0.383878 0.844782 0.249796 0.323234 0.593884 0.404184 0.11305 0.0310581 0.993965 
0.573596 0.4323 0.667825 0.133878 0.0947487 0.440761 0.861911 0.144621 0.639923 0.182473 0.831119 0.60879 0.936587 0.209855 0.0379411 0.676359 0.563146 0.793829 0.884699 0.143395 0.0375379 0.899756 0.201602 0.324711 0.412271 0.0410713 0.28479 0.472004 0.966937 0.304382 
