53 8
0.876359 0.962149 0.835915 0.220581 0.311368 0.162992 0.404356 0.00811789 0.437346 0.469909 0.761196 0.426626 0.298358 0.501952 0.299895 0.332836 0.980435 0.165109 0.988947 0.235585 0.469668 0.709133 0.394504 0.420818 0.689399 0.726561 0.308911 0.865613 0.352274 0.671307 0.662176 0.186558 0.479576 0.241381 0.883453 0.195163 0.0999626 0.0710518 0.168193 0.816174 0.437043 0.38633 0.0485969 0.767621 0.398418 0.206727 0.455211 0.737597 0.797916 0.58118 0.891853 0.378661 0.162273 
0.323392 0.252971 0.683083 0.577319 0.99988 0.990548 0.146743 0.311105 0.744028 0.880725 0.353074 0.106608 0.768485 0.930616 0.860196 0.307596 0.768806 0.323524 0.472334 0.511356 0.35656 0.711041 0.459898 0.498006 0.988148 0.806114 0.359011 0.89104 0.708233 0.266194 0.92864 0.646438 0.690754 0.501131 0.510114 0.485488 0.604519 0.144065 0.296248 0.0318052 0.549504 0.517141 0.58209 0.187115 0.834937 0.777967 0.283813 0.0514593 0.875945 0.999858 0.608809 0.259589 0.90591 
0.625193 0.625953 0.399801 0.458408 0.463055 0.569125 0.279503 0.610265 0.715842 0.157802 0.183071 0.866645 0.69993 0.728683 0.973167 0.0162249 0.691171 0.510224 0.333192 0.966308 0.737766 0.629943 0.450584 0.966927 0.139449 0.716501 0.237679 0.67666 0.632935 0.736846 0.167127 0.901803 0.59689 0.938353 0.904227 0.347598 0.0759332 0.209283 0.411053 0.567751 0.191737 0.529856 0.282183 0.644579 0.431006 0.923855 0.223231 0.850515 0.613838 0.777278 0.713082 0.770873 0.0550571 
0.343968 0.0747694 0.648705 0.781004 0.340699 0.119969 0.316348 0.865487 0.235515 0.303437 0.868708 0.378627 0.58871 0.44505 0.961329 0.0495149 0.197558 0.356951 0.278804 0.867103 0.394707 0.840456 0.547475 0.40483 0.980253 0.116793 0.94123 0.251827 0.453835 0.599531 0.324143 0.872115 0.634232 0.531562 0.968792 0.490945 0.311268 0.485754 0.06713 0.25394 0.962174 0.254328 0.493811 0.483103 0.516345 0.206402 0.00413736 0.536618 0.935402 0.305645 0.978229 0.0864247 0.540035 
0.369229 0.627009 0.146367 0.996845 0.977319 0.796016 0.637189 0.228835 0.02967 0.663566 0.558679 0.722442 0.0832113 0.53192 0.979264 0.48687 0.819792 0.238118 0.0518161 0.872978 0.1454 0.742995 0.509676 0.129249 0.291309 0.033574 0.277749 0.122344 0.241499 0.871022 0.268764 0.116377 0.941255 0.670272 0.253216 0.793688 0.512096 0.80523 0.506088 0.819013 0.149744 0.752579 0.601643 0.807829 0.182879 0.647135 0.394635 0.634107 0.444348 0.156072 0.107569 0.907586 0.791209 
0.841728 0.925241 0.530832 0.695856 0.245393 0.314057 0.364078 0.0582476 0.967981 0.853168 0.190842 0.476406 0.948948 0.966525 0.383711 0.0347006 0.21235 0.965484 0.888066 0.729289 0.160321 0.520472 0.58078 0.161191 0.143934 0.096396 0.127238 0.494331 0.220759 0.301464 0.701103 0.440122 0.12562 0.291468 0.702882 0.345 0.407164 0.207393 0.661617 0.802608 0.43545 0.614778 0.578225 0.220463 0.313249 0.776452 0.831967 0.877537 0.765031 0.875884 0.988409 0.191221 0.850169 
0.79746 0.918499 0.216549 0.54178 0.697859 0.912751 0.598025 0.00501672 0.316004 0.0783719 0.196526 0.0152039 0.532459 0.0381297 0.84589 0.868126 0.592817 0.473776 0.751969 0.347776 0.0754753 0.513504 0.462443 0.275962 0.0959152 0.0465668 0.648838 0.0148302 0.250804 0.257846 0.612952 0.888691 0.223354 0.918931 0.472791 0.19667 0.439148 0.758514 0.340493 0.671498 0.873061 0.537211 0.897087 0.337754 0.63411 0.485742 0.859434 0.504118 0.708133 0.597127 0.916865 0.744216 0.0463197 
0.494546 0.836119 0.656545 0.55727 0.0339632 0.819873 0.611756 0.775164 0.185498 0.664655 0.851902 0.912305 0.118019 0.553226 0.062948 0.966687 0.105973 0.086626 0.92278 0.158171 0.38179 0.740988 0.783268 0.39267 0.608214 0.260572 0.438551 0.731925 0.465507 0.78068 0.8882 0.979112 0.933665 0.115628 0.358253 0.160629 0.68435 0.871085 0.330802 0.794228 0.583477 0.493174 0.767332 0.555273 0.466517 0.747309 0.0283599 0.644992 0.38166 0.554269 0.59911 0.243228 0.926755 
0.96337 0.366054 0.277976 0.948155 0.647704 0.954303 0.964653 0.921644 0.0740627 0.772283 0.765951 0.331531 0.0485766 0.426782 0.927744 0.594945 0.241966 0.724408 0.125352 0.788144 0.333434 0.0201872 0.286655 0.807918 0.669967 0.14226 0.961905 0.745674 0.547129 0.591067 0.0550956 0.992438 0.901282 0.838886 0.154985 0.835689 0.42127 0.292114 0.559332 0.697814 0.152716 0.700343 0.660968 0.884393 0.986412 0.632023 0.418434 0.622074 0.205566 0.949379 0.214377 0.0300926 0.767084 
